0.116562181385234 0.18597840308211744 0.4956148949284185|0
0.3430365640670061 0.6858643430750817 0.24327571651651292|1
0.45797190722078085 0.7854100102558732 0.28848784122890914|1
0.7253869017586112 0.7321328565012664 0.3235504884122158|0
0.5955378506332636 0.7567053223028779 0.27390710725033807|0
0.7267927587963641 0.17745131626725197 0.39430015067229446|1
0.3541619386523962 0.9115406931377947 0.4366170888157768|1
0.5353801972232759 0.6030287898611277 0.10893433754242193|0
0.6198743886779994 0.4268475533463061 0.1404320102837868|1
0.9797612610273063 0.6771894893608987 0.5114361961403272|0
0.4071185262873769 0.6279812254942954 0.15813336851547297|1
0.854582893429324 0.8964259615167975 0.5318670616584833|0
0.35652024508453906 0.18884461466223001 0.34264283721580535|0
0.5296058231033385 0.9647376304492354 0.46567968596149467|0
0.6586204846389592 0.8862987644970417 0.4175969271906094|0
0.6821294876281172 0.12350390967912972 0.4182349295438886|1
0.6636818789411336 0.6936705121770501 0.25357449552472905|0
0.459157774457708 0.7897862363606691 0.2926502181296454|1
0.6233711293898523 0.7115808227099478 0.24492219194173903|0
0.6923739151097834 0.5374947446398437 0.19599382411258076|0
0.8896124176681042 0.02397686056792736 0.6151388991731475|1
0.7063566718716174 0.8672081825789064 0.4212183820523908|0
0.017232971964403987 0.36055007157847285 0.5025040157999645|0
0.17997652874328196 0.2244137809611857 0.42233018632263164|0
0.35217501781880856 0.6047434965148568 0.18117236383904523|1
0.6959719199221581 0.6053393762558699 0.22248905049002407|0
0.8899014394264668 0.7801873739808798 0.4801334158389022|0
0.04608919215388596 0.02867805096320808 0.6543541862961925|0
0.9739929249044508 0.22196960193105042 0.5495181481169251|1
0.9796317082364112 0.048807255225256085 0.6584994065928572|1
0.5513618683908135 0.2954482596833259 0.21090153150504934|1
0.45730061386711895 0.7446851143613458 0.24838285521780631|1
0.13630623603239655 0.9806962723378092 0.6027786162335125|1
0.9235311266966164 0.2731139464303851 0.480474657589034|1
0.8216678756289184 0.9278620667755604 0.535290734458458|0
0.38842124165967107 0.744231911143288 0.2685126546989405|1
0.17438772786408663 0.9794566233176738 0.5795705353179178|1
0.25274610286578536 0.7768087345175445 0.37115706264768994|1
0.4559833095408976 0.5034239306114614 0.04414965843361122|1
0.11611917777918279 0.5374288354068995 0.38570118406461684|1
0.7440200957935303 0.925097957951948 0.49015720030006693|0
0.24214065307751298 0.6951321705710143 0.3233697678928055|1
0.3751679251436144 0.9722535673063248 0.4884736213415211|1
0.10977427940815687 0.6994830742478371 0.4382574698995914|1
0.06963525735773146 0.39279419207014143 0.4435165126164298|0
0.15741358045488596 0.4995941228698939 0.3425866599752326|0
0.358046350767836 0.3752090537454933 0.18900692790853843|0
0.910294906469062 0.8549654972739518 0.5425333303396208|0
0.7223503435961902 0.5150471148081124 0.22285890370679015|0
0.11221543373540044 0.6979219082277268 0.4353733473577917|1
0.532581152394414 0.25183506100438535 0.25029456334096667|1
0.24269270594231784 0.18712236871942878 0.40509191022658997|0
0.7218482226599008 0.08703969419002533 0.4687780371050085|1
0.045992801897227764 0.2530645227525383 0.5168168591024886|0
0.0963773587718606 0.01208115043118596 0.6332266894853172|0
0.25920097483322024 0.8463251665234566 0.42181191482551955|1
0.5091142633464187 0.7464101943187416 0.24657869668839572|0
0.9090880355797708 0.9361907718703151 0.5980095403246817|0
0.43752942117862403 0.02971937577240169 0.47441167643954263|0
0.5537482616491616 0.28461528243497014 0.22198975695034764|1
0.9461031549144536 0.18757078237831593 0.5446283511242567|1
0.4776079594157636 0.5038190358318388 0.022715380608982944|1
0.794954261276871 0.879203564953059 0.48040957517361527|0
0.4515231838449836 0.8433671498205513 0.34677226140568995|1
0.18180172611027956 0.18903888459317386 0.44491230237143925|0
0.20027596736326814 0.947655979078263 0.5387303326753962|1
0.6784131806343794 0.5171793960034847 0.17923837387992625|0
0.49763901135884225 0.3559068311005831 0.14411251018159238|0
0.3998042047023773 0.2418008998502046 0.27695843138183607|0
0.9885568632744253 0.059766086749732494 0.6576425374230209|1
0.5817675678990781 0.9931513220071793 0.49988414813590454|0
0.0462936507537961 0.48214065143838525 0.4540577140379443|0
0.9624700220301747 0.5806229298468679 0.4694449681205277|0
0.1947031794115901 0.27126129111275077 0.38148072769774033|0
0.1541680470108986 0.27727393596433103 0.41134734630124575|0
0.3875452494248748 0.2233964568004012 0.29858933510339236|0
0.6744311084039509 0.8779496250208467 0.4162596913375466|0
0.1271575717255473 0.15866478136740625 0.50549105610342|0
0.6061267086770386 0.9201157763600349 0.4333129860057461|0
0.7029325028415769 0.013829137897118926 0.5268241716810318|1
0.4731135203037411 0.9956677765585482 0.49639644187781223|1
0.06185222649946809 0.8677720420528203 0.5720399866610505|1
0.5254518722649664 0.911930822301656 0.4127163676956739|0
0.2986705065704882 0.6862612427212298 0.27427507262717243|1
0.09960384690202773 0.2819979037158191 0.4558969109348649|0
0.22844387381337583 0.332715762546286 0.31894630546528724|0
0.8126516412012279 0.5770946654956788 0.32201651540520704|0
0.8025851480197161 0.9716311935335398 0.5603514562450826|0
0.22269058134406805 0.05520823830738664 0.524156679767519|0
0.04730181093327701 0.18378751701675355 0.5522010365607081|0
0.07324433280155063 0.7941115202847868 0.5182875513170485|1
0.046596061903983355 0.6518932809121907 0.47817015785936096|1
0.5993078479077667 0.04466705326922238 0.4660366305716808|1
0.46513550728559494 0.5517422612756491 0.06239226277472502|1
0.06874179700389504 0.5915316992904991 0.4408647067144704|1
0.023605678929015994 0.9997422476299107 0.6904302015518142|1
0.42358304001390934 0.47616601502522826 0.08004755220051032|0
0.6113517782650888 0.02216386771760881 0.4906389587439957|1
0.42122461600229144 0.052993221674114466 0.45389494488623006|0
0.8003549927379936 0.3170583816245198 0.35168275106476293|1
0.36643652943894267 0.5284314316231757 0.13655602137019715|1
0.6290537544991821 0.41016334504820406 0.15724342950744621|1
0.4212622463237494 0.4000622408930212 0.12722888645785765|0
0.8684017392806709 0.844422462861985 0.5043279433354242|0
0.9041081012692302 0.09418434766121209 0.5727038512133286|1
0.14862857782281935 0.4083053490612656 0.36313879623856066|0
0.32978138606995344 0.6064866138622165 0.20078290629460227|1
0.9909854307770729 0.9577276522759348 0.6712535265407452|0
0.4318941154051572 0.8881626140791923 0.3940921548131071|1
0.3747030880767852 0.593973011476919 0.15662133642494244|1
0.45254808757454157 0.4773037738632411 0.05260040564182253|0
0.3712506531737745 0.8751171031035483 0.39659706926423166|1
0.033134758938103914 0.15947413723915815 0.5778589936314896|0
0.45050336606800556 0.642514907522127 0.15086555483820116|1
0.9043225166387856 0.8777060436550528 0.5532978880085064|0
0.23120380379259586 0.7712529085110873 0.3818763353119614|1
0.11064249649643898 0.7399282099213451 0.4573453962276067|1
0.940887383883819 0.5214672945439816 0.4414097076446734|0
0.1584067940711975 0.23881613719277084 0.43000340525119424|0
0.8524734904058278 0.8307956722564995 0.4833873583602457|0
0.15187651105225086 0.9775927227456123 0.591003191511451|1
0.41957558458670974 0.668904853053391 0.18707468022037904|1
0.7836330968420953 0.40851622447371483 0.2980218361274575|1
0.5854220127221197 0.574411106063053 0.11328694965892984|0
0.3924332377500832 0.9037050157785416 0.4177898372455733|1
0.1725554158911109 0.37715611746534705 0.3497292883623431|0
0.010754673508927226 0.3406857110094279 0.5145308855354827|0
0.7152838988695294 0.04563572281040251 0.5027862900860475|1
0.06899069342762232 0.33167626173235476 0.46271146864584695|0
0.3637527890969068 0.25468985876068473 0.2806071415230282|0
0.6345635266043246 0.8966236743144691 0.4188289408802868|0
0.5657251763623208 0.5938549945130944 0.11457992321044361|0
0.04749553930014372 0.8209562115371227 0.5547730857544642|1
0.8518861499615014 0.7232983543071896 0.41675654472488777|0
0.05174437933601439 0.27849757694639266 0.49999642486269263|0
0.45795719162561 0.9915062908548862 0.4933011571909533|1
0.05340853636153042 0.9169189401436597 0.6109544484208811|1
0.4938042073044926 0.42765187309123576 0.07261294178266268|0
0.8060462942812592 0.9385088991839439 0.5347470326302011|0
0.12293881620280445 0.9365339467767626 0.5768336181387489|1
0.40430449694395065 0.9794677749741822 0.48892430553598315|1
0.9465476979967207 0.9385064134839922 0.6258535941038962|0
0.6380907357670367 0.5899738885927945 0.16481611551420008|0
0.8063656901940703 0.3121315196622163 0.3593807201736305|1
0.16481286869384348 0.043642620323225856 0.566226519141149|0
0.4251987829338759 0.7316732036415488 0.24344957457369265|1
0.9390343718696386 0.260451722657308 0.5001345387601414|1
0.6256085527129471 0.7719002610538155 0.2995117034036804|0
0.5895140669308603 0.958772232523188 0.46742350124144655|0
0.12847381131723523 0.717050161678344 0.4302818629244517|1
0.36177527951076627 0.7028974753338844 0.2455065352514898|1
0.5706644647289068 0.2536699364427477 0.25626542253597706|1
0.956439255271107 0.6313895101193339 0.47497368045170807|0
0.9592420808039606 0.07515472825616598 0.6256171302835654|1
0.744310334790498 0.38229230348952115 0.27118746560866014|1
0.8716012623626739 0.29585560760460794 0.423983998679215|1
0.8687114114873111 0.06769090588204563 0.5681894559194597|1
0.8472897519823164 0.9395355063024908 0.5601800006538308|0
0.9410279572475702 0.2750979729462415 0.4950621989678207|1
0.16482005710713565 0.022765376837924123 0.58317962898434|0
0.16931814374402165 0.29055622476153076 0.3914296680670002|0
0.1649863685015589 0.2366008807439357 0.42616103683307754|0
0.4972674248274416 0.09506840887479484 0.4049408110554727|0
0.6370490181725472 0.7552383416332304 0.2897050990606497|0
0.5963959954679012 0.35945654450915754 0.1704249125672478|1
0.8913258237298578 0.10298775904811919 0.5574536929499041|1
0.6283606078941375 0.7855757530778646 0.3130973593068808|0
0.026611830573529005 0.23734813975170255 0.541370814363719|0
0.060216840356588364 0.08106271037831903 0.6073859400261935|0
0.5447124361526221 0.365082198753953 0.1421337927439149|1
0.015864120796322823 0.30811121431179345 0.5207771650189857|0
0.3600299800746143 0.6004644541535527 0.1722925216783484|1
0.7517954609356821 0.08868274558335543 0.4822684293302427|1
0.4218238096218556 0.09049413143657148 0.4169011551074522|0
0.36383572523482144 0.5032619175035506 0.13620334000356604|1
0.8590019543189555 0.4157046624459326 0.3687656534144464|1
0.320065256441012 0.2775848482269794 0.2860856719198894|0
0.7631723030935973 0.7267489570658654 0.34738271495001866|0
0.4887966348323971 0.29487223946489394 0.2054334771482644|0
0.9861259991303086 0.8333561287727207 0.5894444805244813|0
0.4323394992388785 0.17696877056732774 0.3300410861575108|0
0.13678714470006526 0.7117141392081976 0.42041224410785116|1
0.9306949025485665 0.24939953931607306 0.4982957856296957|1
0.21093385200947523 0.7250340774189681 0.3663326001243762|1
0.4337244890630245 0.4491470807697624 0.08353719377734822|0
0.5921278675086796 0.23818564019165933 0.27755054129572165|1
0.40483506536111236 0.3291074330918491 0.19560325715406837|0
0.7840317736845464 0.8834971480537206 0.4772254299885188|0
0.9580809234175831 0.34560220944695175 0.48340129305450624|1
0.8905698705930263 0.45417497935704887 0.39324897499164596|1
0.4394402294419706 0.8346710759215057 0.3401061817557855|1
0.20084245596081018 0.18364700698293746 0.43540148408843693|0
0.08295602933503687 0.5630070138722658 0.4217766675209743|1
0.7246561725623906 0.09388295607641339 0.46411361673152296|1
0.7653562622144818 0.2897370106074959 0.3385623585171765|1
0.6037932690232992 0.6864207920152694 0.21336765075836425|0
0.47684498550370336 0.5801167977042496 0.08339577909407264|1
0.30539427348412573 0.2681285673752427 0.30271397400884653|0
0.5756581835448742 0.4698321931064129 0.08145095033256908|1
0.03062477894127369 0.4180981738027185 0.47646721532375963|0
0.4168172765057534 0.250804562587291 0.2627122599256298|0
0.818447791505605 0.8897179244086146 0.5032783092088868|0
0.13116929586976767 0.5241803941316903 0.3696224827706871|1
0.11184176732786 0.6005147288087755 0.40096137507079266|1
0.3041075386572629 0.33096089912578464 0.25874325891755884|0
0.9835663496050984 0.6486421718727797 0.5058961452012233|0
0.9741022728849202 0.5204027965664864 0.474541082797244|0
0.2540950714610517 0.7229597656987607 0.33193416666590914|1
0.7401853925548494 0.8760101518128067 0.44617558994527823|0
0.5232815952040255 0.24997367127798498 0.2511079403950684|1
0.416985941817984 0.36108961631543934 0.16182530256804403|0
0.14904586039483547 0.7896152406465262 0.45502285186652613|1
0.24331111158244312 0.054568750550970435 0.5140993906072683|0
0.3666324601508677 0.7136903658974916 0.2518937735689664|1
0.3936450481414795 0.5463541122153401 0.11601758273684451|1
0.9003451506141573 0.15689802169799805 0.5272525079456899|1
0.6064377659931779 0.2011704568285495 0.31721931514596696|1
0.9010344801936299 0.34678254066966474 0.4293067017271193|1
0.2942594853229821 0.34192727180197835 0.2594535541855803|0
0.5674818207044154 0.15269439993426204 0.35380075743644923|1
0.7264652685262263 0.42647332209162414 0.23810226839091186|1
0.5014286984223872 0.20207724370993674 0.2979261819556156|1
0.6879358107689768 0.09635000303387642 0.44525631833826257|1
0.12918904214166105 0.7433516308665276 0.4435321664921469|1
0.8743254828732461 0.9097183346748352 0.5549672791228408|0
0.7006421021651477 0.39264858281239867 0.2275556633736809|1
0.8723525176756084 0.9427175994496793 0.5784853241715393|0
0.28843523329123855 0.19106048392131925 0.3744372779351197|0
0.28602572111412883 0.6389153164345771 0.25511263623122876|1
0.683417831780389 0.3685254843439907 0.2256715517782454|1
0.0171002927236259 0.002323902677744627 0.6934505210420704|0
0.7531789257191122 0.08455579984001815 0.4865115125820259|1
0.11500948225148022 0.6857886090874672 0.42747526948693654|1
0.5088227021042258 0.9378986081574112 0.4379874782440908|0
0.3911799907218665 0.8523823379073292 0.36880225933191924|1
0.5321388219017535 0.9799984581768513 0.4810731999658545|0
0.762226257706061 0.14865874615497887 0.43840995299367586|1
0.913355341181159 0.5476173534989357 0.416088993410346|0
0.013992315391078591 0.5906073795631528 0.494381600315208|1
0.14659251435659826 0.6627409080974758 0.38907769671003023|1
0.7323727305047214 0.02174226427450776 0.53172130638474|1
0.6946377702988684 0.6354782865382731 0.23714600513241096|0
0.9909358639270067 0.7176697293762118 0.537027125549976|0
0.9764737910591066 0.5592915520537645 0.4801486870868038|0
0.5877814986743033 0.5311973411589861 0.09316042939412032|0
0.856404670746997 0.5340910053346306 0.3580314036156621|0
0.18735280469991267 0.34776932233944535 0.34773905151708606|0
0.5583138449583203 0.13057998777367175 0.37399418437607224|1
0.3372436133213341 0.29577875998802483 0.2611435549208982|0
0.7467624885030091 0.7630780129693449 0.36069622487641384|0
0.6067973366007209 0.08156659733504057 0.4318474077388722|1
0.4684209041297436 0.8545206526760012 0.3559243353155284|1
0.5500031537376344 0.5448537904303521 0.06717274670340233|0
0.7065456453710794 0.4943636851385236 0.20662253426713506|1
0.1807631601113826 0.6332163838669658 0.34591728039035796|1
0.2139424392953515 0.06966794840991497 0.516734557255488|0
0.24710482405498624 0.10988914780318737 0.4649112248784523|0
0.23914336576126516 0.6712390820030123 0.3120400724772308|1
0.9894827867392451 0.14813996106386185 0.6028257505400362|1
0.8620757046155632 0.599928829818964 0.37561228268234786|0
0.7273179795593023 0.2684815702959895 0.3244599314607803|1
0.7880184464156628 0.07996115903370082 0.5093007494555687|1
0.3399122655391693 0.9851121616084129 0.5108442933665681|1
0.6280113477259874 0.30882885097526014 0.23007240896305442|1
0.21814715350046754 0.5788794625550508 0.2926824160978289|1
0.46718413126654923 0.4427673704922199 0.06597313939101193|0
0.8162867822684348 0.459597549168393 0.31885684353784954|1
0.21792187867686152 0.2023985015694052 0.4100423373230215|0
0.37415739987045527 0.899452957091853 0.41880666773201003|1
0.777727379463613 0.2310314984060824 0.3866219757766014|1
0.9456187530886382 0.6701673169154674 0.4770041811666663|0
0.9008496718015522 0.8421274533029646 0.5270025177235724|0
0.7429818271193653 0.7380459639243782 0.34015591902971715|0
0.9130137194879353 0.469838346587494 0.4141135808227437|1
0.7850486543029547 0.19361939490772784 0.4184755793312582|1
0.335315317614004 0.25448309164494276 0.2956342282294152|0
0.7210869516711682 0.9199308133684099 0.47457489210397946|0
0.9985530218109488 0.9292180500924587 0.6578626377003035|0
0.6933044798206538 0.07049676170572639 0.47099857072394724|1
0.5431375603657216 0.25661973748356104 0.24717362581164887|1
0.8126236014068127 0.9700680635869503 0.5645329933324985|0
0.6899277004413307 0.42695731739513576 0.20348897974349073|1
0.5320980604737997 0.04772739135660231 0.45341018737483574|1
0.24766415264457464 0.4051906692329794 0.26955924962996697|0
0.3088048011995852 0.964237725827843 0.502067993528902|1
0.9186863056384027 0.4434379825834185 0.4224896263145021|1
0.8914838505443186 0.35548963234759867 0.41730426740693477|1
0.39121853676624596 0.6520471258554608 0.18695383179860986|1
0.4347254605963826 0.6387221608310938 0.1533121110675939|1
0.998086947016418 0.2834313230123371 0.5431322110134167|1
0.196784985717386 0.8215041181538254 0.441932396273768|1
0.24377608462236822 0.559733557049185 0.263094645801073|1
0.5334188234992325 0.19950096192769706 0.30235159937802913|1
0.3727229833602905 0.8722078087739646 0.39336762942192016|1
0.8545443271286786 0.9059968825895339 0.5390131246746662|0
0.04856365220621228 0.48419663729146123 0.45171287604217275|0
0.11755326739512384 0.5521829449571669 0.3859903664918962|1
0.23164244834333658 0.3824636829085648 0.2929685330655447|0
0.35163678391836584 0.3862291588447988 0.18696376168457804|0
0.18844621907919645 0.8797103182878345 0.49116767424200125|1
0.7247703664470464 0.2212437365669757 0.35808765970901757|1
0.3262558749411255 0.1933667070697993 0.35243580596428065|0
0.48677673609927297 0.5324908143375069 0.0350785935365518|1
0.7481119006406516 0.10170676093548536 0.4692515525003824|1
0.1629973731469363 0.7967889832798392 0.4490595407094097|1
0.3792053509969264 0.952575568575412 0.4684186081905086|1
0.420249697053805 0.47529453597962856 0.08348934526316365|0
0.8915544473566115 0.6298669930547476 0.412529176095247|0
0.512418725527823 0.47038262942805886 0.032115625220927695|1
0.30263182800263166 0.1037431824952364 0.4426891242583064|0
0.9372989027760923 0.5985765506047755 0.4482718669494106|0
0.1287688184529543 0.23179987026378512 0.45797805596266083|0
0.34874923317693174 0.6859204650390893 0.23967313947315289|1
0.7176042997743934 0.9839043132960796 0.5305798862629967|0
0.27700229664333165 0.7017711296211928 0.3007317150733538|1
0.7792920891661197 0.6579357229638845 0.32085473918722257|0
0.39709337474778295 0.0019907390233129263 0.5085302326699429|0
0.5572900038678199 0.14068009029142559 0.36385840935197983|1
0.7722977488301694 0.982635187683627 0.5541505106091557|0
0.9232782660983503 0.6844683142844588 0.4617283287022529|0
0.4519847705960274 0.656581889372319 0.1637783573434575|1
0.007365562487393618 0.2676279190927744 0.5446884182801359|0
0.7921706668566912 0.515272346092388 0.29256955263090745|0
0.04903739271685481 0.7509534861892462 0.5160861608279652|1
0.7519877995364368 0.5068951644934714 0.2520821183832909|0
0.3342755006160587 0.07225025701336563 0.45873135092468853|0
0.6482575538102537 0.35745406872592866 0.20566877445201193|1
0.023183002835139632 0.07286008656956255 0.6401585385126688|0
0.036857449915260077 0.34784455760382116 0.4874959490598591|0
0.29392734938301146 0.9322805572301149 0.4788866436762359|1
0.11624147580005229 0.8562576656695455 0.5236316732632161|1
0.6590086687356234 0.9276466299779713 0.45625146231501673|0
0.3992458772845566 0.6925463180523366 0.21731423754478252|1
0.5664255730807781 0.4274235551711172 0.09838545168422853|1
0.385484064463526 0.15430983481928706 0.3641642346448405|0
0.41862560831941664 0.23016107268631458 0.2818418675697161|0
0.58921944280155 0.9352339415345341 0.4442844728746496|0
0.7186536679510027 0.047595612704753876 0.5024730402244626|1
0.840080636087805 0.6719705474097282 0.381088845570541|0
0.4053719309158623 0.31739247031509876 0.20566959268743257|0
0.5538779783528298 0.9597104154527187 0.46285689216765397|0
0.518591737607494 0.117816848680377 0.3826350923005674|1
0.725418543908745 0.04785998770967126 0.5052168946619239|1
0.4336363202892244 0.682542544323951 0.1942316103856837|1
0.09890050673857331 0.33120731892995536 0.4351686715256362|0
0.4575578367803246 0.35458439658395946 0.1514827875886127|0
0.8644012704025954 0.024014887865632772 0.5994581827322|1
0.8203361697960645 0.7104531587101519 0.3832829159911689|0
0.05992000596597791 0.06590680941008031 0.6181482825872132|0
0.39108518953435123 0.9758718507364392 0.48817666296341133|1
0.8109591857064515 0.8886673406232148 0.49775286723668555|0
0.20390376751311123 0.5986439872067422 0.3120955224045574|1
0.9714695846196264 0.46662534354254603 0.4726493805296439|1
0.7924548741430044 0.34546785545535386 0.33077188076916086|1
0.7202276734169573 0.8174385167658329 0.3863514463091059|0
0.9237771104089916 0.20666379458270967 0.5153961279590771|1
0.1568318521603942 0.9587248163297772 0.5728811698846921|1
0.627978059463203 0.16572817135602236 0.35793300927541716|1
0.0679615861736238 0.04047013656236231 0.6307336097058924|0
0.03730638255365193 0.6885472952853888 0.49963533320315034|1
0.5674749610479921 0.34820594638586044 0.166115336682199|1
0.13170246756635606 0.9622873924672604 0.5910606615491254|1
0.6137087810784578 0.7322129788808525 0.2585586093230467|0
0.35305963084101677 0.6091230381280184 0.18302816597143517|1
0.5938066632952541 0.3796673093456775 0.15257669061392717|1
0.7611287073232234 0.19464992126449943 0.4017796316042838|1
0.11667496827431023 0.23501790454611182 0.46599741507720255|0
0.36748008453287184 0.40520928450860083 0.16293191135804605|0
0.9404922486282885 0.23009229125455022 0.5166077741786552|1
0.6272006426006556 0.9855153316166252 0.5019015249158159|0
0.45674090064130723 0.2621637110132724 0.24173839173019965|0
0.09708612458780408 0.9659231866244227 0.6159740309736532|1
0.850500944070518 0.47178458678536117 0.35163478402626386|1
0.3907524144742638 0.794578094035387 0.314183526666699|1
0.7128687873482704 0.17352885263971984 0.3897390546068753|1
0.37204154930077493 0.03707360569387674 0.4802855521984961|0
0.4140600760001689 0.9333757562562823 0.44181468586705147|1
0.7993674809113145 0.14703854452818632 0.4628203514064257|1
0.139466414693743 0.9768104248214513 0.5977730734586469|1
0.6433569223154336 0.7909357249736786 0.3243374835595066|0
0.03494422184303403 0.2401522588916123 0.5327266891721428|0
0.8597248180303723 0.780079799471423 0.4559020056754927|0
0.08034578105434775 0.4379884989466518 0.4242111381632675|0
0.034102692268788815 0.4513356536626816 0.4684319800735528|0
0.03330129850655794 0.12553988792933524 0.5983544547403652|0
0.8873723638243973 0.8685660653281957 0.5346945789573793|0
0.32443331414833665 0.43036290584132075 0.18887293629263407|0
0.12069956725463271 0.29095741477794945 0.4330907765320582|0
0.3683238800149411 0.46237888652831316 0.1369450574251191|0
0.631818626075983 0.4753988701850176 0.13409461498782663|1
0.9596047014929354 0.5256059276871383 0.4603174395644045|0
0.6047601902391762 0.35792427812702954 0.17652254304953244|1
0.9217223944142461 0.793645937461406 0.5138849234391615|0
0.6021439942996949 0.04764849948696792 0.4637405261435405|1
0.4666618756018579 0.9636294564697891 0.46482653048729705|1
0.44365093391388655 0.8142548373434693 0.31926684770352765|1
0.4345152603928 0.8328078188933432 0.33918917352705574|1
0.8134925777558237 0.44892287952825427 0.3176263032931568|1
0.3448181664571166 0.8341460006777197 0.3684222458411623|1
0.40389111917465925 0.6909502383787185 0.21377303504041142|1
0.9024340079631656 0.9563698922283947 0.6084624962130812|0
0.1768475156277418 0.9195754355750978 0.529595198518638|1
0.7172037758864462 0.4490646074991673 0.2230961552078911|1
0.3674208109732717 0.2695323131047189 0.2658807929615193|0
0.5080439618322998 0.9338913983665407 0.4339659559210049|0
0.03186564217321575 0.37214962020516396 0.4852787823422527|0
0.9058726655784994 0.263614785624668 0.4696920163671809|1
0.9401505584828556 0.17587408749386668 0.5466169785971738|1
0.3719903281889856 0.7819929595571011 0.3096877545479261|1
0.31799261225387454 0.766300197225064 0.32255617221854005|1
0.3904925670940429 0.37098474032245576 0.1692241563468906|0
0.6723028568085283 0.5510049981530756 0.1796935844736129|0
0.10870471596717834 0.9747156295925379 0.6151966582205777|1
0.7799077974632382 0.9400898215826601 0.5215624853662107|0
0.21072175004519522 0.21721186605282128 0.4045380508657276|0
0.11330569232814014 0.5811675654258579 0.3951210716514369|1
0.02336707734502852 0.9682642379775643 0.668169394335994|1
0.6806626501493156 0.4518275249283761 0.1869748125109375|1
0.4493007801938802 0.2433474762365222 0.261612172582072|0
0.5549125780817121 0.2768999401014298 0.22975862977987516|1
0.5110587608069181 0.06616698484867811 0.4339739407221034|1
0.23531414684839547 0.056942583760246634 0.5160992878736017|0
0.7979461378417909 0.19114424963481724 0.429143071234384|1
0.39394909073598683 0.5336184136103839 0.11125193521643925|1
0.43930986733175814 0.8025732054375112 0.3085998004730709|1
0.3298006574623287 0.3929915511980653 0.20104383679996723|0
0.6375062833540142 0.8463618757668883 0.37265872718425874|0
0.41482837963849306 0.15910997008904815 0.3513690615402761|0
0.12736585270613432 0.650597098749131 0.4019150331613411|1
0.6961877217981964 0.5286375391297042 0.19826681727352125|0
0.14840481174178421 0.19184232293628156 0.46752575366458393|0
0.9762390551622957 0.23701634164899588 0.544025773490148|1
0.7497499699238688 0.2939689487684518 0.32376510242543155|1
0.8512976905331016 0.4260435909964144 0.35899807493438796|1
0.7769807283766568 0.3229724275879562 0.32872037552631983|1
0.2248888653703034 0.9200186845846474 0.5020974325740539|1
0.10326110664755106 0.7983860655222088 0.4964232000988167|1
0.576240676920861 0.2048195854295045 0.30486737766340416|1
0.2685310752131045 0.18559003388509154 0.3904247557908942|0
0.7621065790299326 0.1877131201326847 0.4077044936078548|1
0.4507423818577081 0.11997282830998302 0.3832061640524138|0
0.22554328036494553 0.061901001958176494 0.5169692670150563|0
0.1256441359873861 0.852217614883557 0.5140034641467821|1
0.17721589584834874 0.9633691732306033 0.5647128195759301|1
0.6906504651997238 0.935975210275501 0.47583819083343704|0
0.4168850686401129 0.799354107119143 0.31067824716908987|1
0.29158056643791497 0.87933603907004 0.43282154616387486|1
0.2445041425526142 0.10516051738522947 0.47029389768981117|0
0.36600095545873046 0.6140338839031756 0.17595303525661632|1
0.2419913352932781 0.4427457458805293 0.2642849232902296|0
0.5610607308335602 0.7225375671405345 0.23076260884024602|0
0.6825742779765278 0.3900898350402713 0.21310469572518861|1
0.09299891931004822 0.8586947780568153 0.542505136830995|1
0.9022332553286105 0.7176559066865593 0.4573463516939863|0
0.3623385520186275 0.575031942455098 0.1567815889985596|1
0.39478932972997427 0.7757922038435936 0.29517897086271977|1
0.3053730863612145 0.2503153553698212 0.3165786747029211|0
0.7043088818900287 0.4051832128316164 0.22523841223931643|1
0.5664033750072122 0.13712378544732928 0.36890182338994254|1
0.3416363261640072 0.7608953283634037 0.30519735508795115|1
0.7116614470724016 0.590465179644525 0.23018365907444271|0
0.8991296296007931 0.05361173581331968 0.5988045955308491|1
0.19813579437322915 0.8969680445734411 0.498703947298538|1
0.7297951125074178 0.8205882383044809 0.3944396180297657|0
0.6983241813722998 0.5988453202880919 0.22159169266885512|0
0.5837019316386431 0.9382249182090163 0.4461469402554938|0
0.27956314012408257 0.4451638897880912 0.22715503114641214|0
0.2744962207507342 0.8851148644462228 0.4462795236991432|1
0.4654803436715156 0.4360762822907418 0.07264880149603024|0
0.1744758514687419 0.19023779826238751 0.44935352775107257|0
0.7602137459907681 0.24165568640455604 0.3666783031073001|1
0.11494837724603713 0.5179956348147243 0.3854719121516444|1
0.641306891804561 0.37831730442121625 0.18647872820990835|1
0.14693778939545155 0.953239370835945 0.574524892265543|1
0.10971869272179902 0.43235119548626244 0.396100819947295|0
0.3328582299873233 0.5686865856405348 0.18070478225527134|1
0.7116459927055985 0.9179248830769211 0.4684604936632292|0
0.0958494646474719 0.6435593692585826 0.4288903679585928|1
0.6273191731888801 0.16745144920423627 0.3560880656493035|1
0.8111178986728191 0.07366883172653615 0.5277808370109767|1
0.3787403046153486 0.6215839036740363 0.17171650869207591|1
0.47976433555595577 0.28706273809075356 0.2138966096620023|0
0.16070698155090213 0.2860203816089779 0.40113218451660954|0
0.6217826802749187 0.7607787239830941 0.28781341889702405|0
0.35687607317231596 0.6507732225582004 0.2078870440194888|1
0.5948868957348168 0.45441894652321935 0.10526706711143391|1
0.2982874698936939 0.32561500393785536 0.2666422165627222|0
0.5445300473365933 0.73381682112813 0.23801939197944177|0
0.5447616328019649 0.4256244918797165 0.08680622085569842|1
0.8092152983881533 0.7065202724188566 0.3718396478016209|0
0.5152819808572531 0.564823838416487 0.06660081805780063|0
0.09670231817290187 0.03409285075031221 0.6162130247642305|0
0.25880942679941654 0.7561918634455651 0.3518624212622557|1
0.3573672748170793 0.6994509946089238 0.24520357571535437|1
0.08108527003787458 0.03351883194409311 0.6269722730153573|0
0.8141184439882636 0.12622685893438756 0.4882384231455592|1
0.7124283821322024 0.4375493817497045 0.22141792442155434|1
0.031681462191045284 0.32294579525478184 0.5006699953796702|0
0.6762627654243261 0.626371236750856 0.21688303749480248|0
0.21157598169520497 0.6299727242439985 0.31635632344318837|1
0.07755188993178308 0.12260588631033897 0.5664704076541096|0
0.6047164192423224 0.43827138748019934 0.12155636578375288|1
0.4837324400432408 0.8502133816946298 0.3505909956415527|1
0.48183492315001786 0.13392005185596645 0.36653035133547135|0
0.8324810534249991 0.7977885624859482 0.44634255772225506|0
0.4234968686942011 0.5417389017529786 0.08714852275935091|1
0.5583351892419159 0.3682011244818568 0.14413166859416132|1
0.10038921912200749 0.4359081517904997 0.40471785382019976|0
0.7634044338483363 0.2775995812844485 0.34473735222023044|1
0.5773772115353495 0.6546027171425521 0.17288502830738758|0
0.3089041823986918 0.053664707113057375 0.48552322826120825|0
0.5575029160827398 0.06724880449473858 0.4365549021248663|1